mongo:----------------
error:  0 n
select(1): 0.00035309791564941 s
insert(1): 0.07700514793396 s
count: 1


mongo:----------------
error:  0 n
select(1): 0.0041370391845703 s
insert(16000): 1.0834577083588 s
count: 16001


mongo:----------------
error:  0 n
select(10000): 64.924908161163 s
insert(10000): 0.58922004699707 s
count: 26001


mongo:----------------
error:  0 n
select(10000): 92.004699468613 s
insert(10000): 0.57601451873779 s
count: 36001


