version:3.0.2
number: 1000000
set: 6.5048387765884
get: 1.8295106649399

number: 1000000
set: 3.229692530632
get: 1.6417268276215

