redis-version: 2.8.19
number: 1000000
set: 3.1702199697495
get: 1.6078238248825

