version: 2.8.19+twemproxy
number: 1000000
set: 5.4661840200424
get: 3.181091594696

number: 1000000
set: 5.3797879934311
get: 3.7414846420288

